0 0.758957654723127 0.5447882736156352 0.014657980456026058 0.03013029315960912
0 0.7744299674267101 0.5480456026058632 0.013843648208469055 0.028501628664495113
0 0.7890879478827362 0.5537459283387622 0.016286644951140065 0.028501628664495113
0 0.2271986970684039 0.43078175895765475 0.014657980456026058 0.024429967426710098
0 0.23941368078175895 0.43241042345276876 0.011400651465798045 0.03175895765472313
0 0.254071661237785 0.43485342019543977 0.013843648208469055 0.02687296416938111
0 0.2695439739413681 0.4372964169381108 0.013029315960912053 0.02687296416938111
0 0.28338762214983715 0.43892508143322473 0.015472312703583062 0.028501628664495113
0 0.2964169381107492 0.44381107491856675 0.015472312703583062 0.021986970684039087
0 0.7149837133550488 0.5366449511400652 0.016286644951140065 0.03257328990228013
0 0.7304560260586319 0.5366449511400652 0.014657980456026058 0.02687296416938111
0 0.743485342019544 0.5399022801302932 0.015472312703583062 0.026058631921824105